0 0.834189 0.560494 0.0949939999999998 0.38286299999999995
0 0.6682710000000002 0.637837 0.13799700000000015 0.265404
0 0.649765 0.807766 0.031665000000000054 0.05198999999999998
0 0.410783 0.736842 0.034660000000000024 0.14056500000000005
1 0.606226 0.396502 0.3476679999999998 0.23459600000000003
2 0.093496 0.5787869999999999 0.18356900000000004 0.26668799999999987
2 0.259842 0.663832 0.16966199999999998 0.30648300000000006
2 0.523641 0.708601 0.14099299999999992 0.15725299999999998
2 0.936778 0.7711809999999999 0.08194299999999988 0.10077000000000003
2 0.9604190000000001 0.6025349999999999 0.07745000000000013 0.21469800000000006
