0 0.1658110000000001 0.560494 0.09499399999999991 0.38286299999999995
0 0.3317289999999999 0.637837 0.13799700000000004 0.265404
0 0.35023499999999996 0.807766 0.031665000000000054 0.05198999999999998
0 0.589217 0.736842 0.03465999999999991 0.14056500000000005
1 0.39377399999999996 0.396502 0.34766799999999987 0.23459600000000003
2 0.906504 0.5787869999999999 0.18356899999999998 0.26668799999999987
2 0.740158 0.663832 0.16966199999999998 0.30648300000000006
2 0.476359 0.708601 0.14099299999999992 0.15725299999999998
2 0.063222 0.771181 0.08194299999999988 0.10077000000000003
2 0.03958099999999998 0.6025349999999999 0.07745000000000024 0.21469800000000006
