0 0.8341889999999998 0.439506 0.09499399999999991 0.38286300000000006
0 0.6682710000000001 0.362163 0.13799700000000004 0.265404
0 0.649765 0.19223400000000002 0.031665000000000054 0.05199000000000001
0 0.410783 0.263158 0.034660000000000024 0.14056500000000005
1 0.606226 0.603498 0.3476679999999999 0.23459600000000003
2 0.093496 0.421213 0.18356900000000004 0.2666879999999999
2 0.259842 0.336168 0.16966199999999998 0.30648300000000006
2 0.523641 0.291399 0.14099299999999998 0.15725299999999998
2 0.936778 0.228819 0.08194299999999988 0.10077000000000003
2 0.960419 0.39746500000000007 0.07745000000000024 0.21469800000000006
