0 0.20481868812269097 0.2573116073549679 0.2258451196738272 0.394237170017362
0 0.30969020896854593 0.46510025006150313 0.21521365430123535 0.33629913011415963
0 0.25877539224286783 0.6194171653917055 0.04592470273708055 0.06992376672647937
0 0.48060082231089274 0.7704748772076059 0.08274135088730789 0.14455205312952368
1 0.4538112388898741 0.3230802464222794 0.373720129806406 0.4943722768019798
2 0.7999103284201294 0.8652555811703455 0.2527626427852788 0.2694888376593091
2 0.6316575697270057 0.8221340955303451 0.25690309338169015 0.3557318089393099
2 0.3998080640062983 0.6489477797665224 0.1756690516642893 0.25098768121124937
2 0.04624968035077437 0.3390044926533017 0.09249936070154874 0.15349380596657092
2 0.0858733501532033 0.1812459153481254 0.1463059408290761 0.2421945901628888
