0 0.8341889999999997 0.560494 0.09499400000000002 0.38286300000000006
0 0.6682710000000001 0.637837 0.13799700000000004 0.265404
0 0.649765 0.807766 0.031665000000000054 0.05198999999999998
0 0.410783 0.736842 0.034660000000000024 0.14056500000000005
1 0.606226 0.396502 0.34766799999999987 0.23459600000000003
2 0.09349599999999998 0.5787869999999999 0.183569 0.2666879999999999
2 0.259842 0.663832 0.16966199999999998 0.30648300000000006
2 0.523641 0.708601 0.14099299999999992 0.15725299999999998
2 0.9367779999999999 0.771181 0.08194299999999999 0.10077000000000003
2 0.960419 0.6025349999999999 0.07745000000000002 0.21469800000000006
